one: 252.099418 1180.719024
two: 194.318936 1146.769809
three: 140.234254 858.119251
four: 197.823863 1120.402184
